#A+Bx
A:       -0.758276      3.5131e-06
B:          1.9997     3.01435e-06
chi:     0.000325511               1 
